-20130417234614
-20130417234619
-20130418002500
-20130418002623
-20130418002637
-20130418002655
-20130418003414
-20130418003520
-20130418004009
-20130418140455
-20130418141720
-20130418141727
-20130418141732
-20130418141918
-20130418141923
-20130418141928
-20130418142243
-20130418142246
-20130418142253
-20130418142257
-20130418142259
-20130418142708
-20130418142822
-20130418142842
-20130418142911
-20130418142955
-20130418143012
-20130418143029
-20130418143034
-20130418164951
-20130418164955
-20130418172513
-20130418172525
-20130418172532
-20130418172544
-20130418172547
-20130418172556
-20130418173014
-20130418173153
-20130418173514
-20130418173841
-20130418174249
-20130418174256
-20130418174504
-20130418174616
-20130418174622
-20130418174627
-20130418184813
-20130418184841
-20130418184906
-20130418185357
-20130418185409
-20130418185445
-20130418185450
-20130418190140
-20130418190231
-20130418190241
-20130418190245
-20130418190252
-20130418190306
-20130418195013
-20130418203712
-20130418204000
-20130418204008
-20130418205437
-20130418205451
-20130418205550
-20130418205557
-20130418212155
-20130418212350
-20130418213955
-20130418214322
-20130418214405
-20130418214423
-20130418214440
-20130418223157
-20130418223202
-20130418223209
-20130418223414
-20130418223435
-20130418223444
-20130418223518
-20130418223520
-20130418230736
-20130418231959
-20130418232018
-20130418232046
-20130418232106
-20130418232221
-20130418232231
-20130418232708
-20130419085538
-20130419153116
-20130419153120
-20130419153126
-20130419153130
-20130419153132
-20130419153152
-20130419153211
-20130419153234
-20130419153242
-20130419153309
-20130419153334
-20130419153643
-20130419153703
-20130419153725
-20130419153802
-20130419153811
-20130419153820
-20130419153826
-20130419154247
-20130419154304
-20130419154409
-20130419154815
-20130419154818
-20130419154836
-20130419154838
-20130419154906
-20130419154908
-20130419160414
-20130419161647
-20130419161740
-20130419161816
-20130419161857
-20130419161925
-20130419163134
-20130419163227
-20130420161457
-20130422164600
-20130422164839
-20130422174626
-20130422174648
-20130422174816
-20130422174824
-20130422174836
-20130422174845
-20130422174918
-20130422174931
-20130422174949
-20130422175156
-20130422175202
-20130422182711
-20130422182718
-20130424165926
-20130424165929
-20130425163410
-20130425163419
-20130425163423
-20130425163452
-20130523141822
-20130523141824
-20130523141833
-20130523142010
-20130523142016
-20130523144747
-20130523144814
-20130523144859
-20130523144924
-20130523144929
-20130523145013
-20130523145303
-20130523145306
-20130523145355
-20130523145358
-20130523145433
-20130523145435
-20130523145438
-20130523151243
-20130523152705
-20130523152712
-20130523152715
-20130523152726
-20130523165523
-20130523165802
-20130523165804
-20130523165811
-20130523165813
-20130523165829
-20130523165831
-20130523170124
-20130523170630
-20130523170827
-20130523170830
-20130523170836
-20130523171242
-20130523171315
-20130523171325
-20130523171337
-20130523171345
-20130523171415
-20130523171419
-20130523171531
-20130523171639
-20130523171741
-20130523171744
-20130523171749
-20130523171758
-20130523171800
-20130523171953
-20130523171956
-20130523172130
-20130523172133
-20130523172139
-20130523172629
-20130523172640
-20130523173305
-20130523174748
-20130523175226
-20130523175240
-20130523175243
-20130523175245
-20130523175258
-20130523175307
-20130523175341
-20130523175344
-20130523175437
-20130523175447
-20130523175449
-20130523175504
-20130523175552
-20130523175603
-20130523175605
-20130523181240
-20130523181242
-20130523182058
-20130523182237
-20130523182552
-20130523182950
-20130523183019
-20130523183021
-20130523183039
-20130523183114
-20130523183151
-20130523183157
-20130523183202
-20130523183432
-20130523184621
-20130523184622
-20130523184701
-20130523184709
-20130523184710
-20130523184713
-20130523184832
-20130523184833
-20130523184850
-20130523184852
-20130523184904
-20130523184906
-20130523185726
-20130523185810
-20130523185817
-20130523185819
-20130523185912
-20130523185915
-20130523190313
-20130523191812
-20130523191818
-20130523192432
-20130523192449
-20130523192458
-20130523192515
-20130523192517
-20130523192529
-20130523192602
-20130523192606
-20130523192618
-20130523192620
-20130524162432
-20130524162744
-20130524162837
-20130524162842
-20130524182246
-20130524182301
-20130524182315
-20130524182503
-20130524182731
-20130524182857
-20130524182918
-20130524182957
-20130524183101
-20130524183152
-20130524183231
-20130524183241
-20130524183252
-20130524183310
-20130524183346
-20130524184722
-20130524184746
-20130524184752
-20130524184814
-20130524184839
-20130526182730
-20130526182742
-20130526182843
-20130526182845
-20130526182856
-20130526182901
-20130526182905
-20130526182908
-20130527142957
-20130527143154
-20130527143240
-20130527143358
-20130527143404
-20130527143506
-20130527143609
-20130527143612
-20130527143618
-20130527143936
-20130527144520
-20130527145337
-20130527145351
-20130527145357
-20130605101801
-20130605101920
-20130605102152
-20130605102154
-20130605102157
-20130605102200
-20130605102208
-20130605102244
-20130605102301
-20130605102310
-20130605102532
-20130605102603
-20130605102623
-20130605112820
-20130605112843
-20130605113035
-20130605113059
-20130605113104
-20130605113130
-20130605113136
-20130605113535
-20130605113537
-20130605113539
-20130605113742
-20130605113750
-20130605113802
-20130605113806
-20130605113821
-20130605113826
-20130605113903
-20130605113909
-20130605113916
-20130605113949
-20130605113955
-20130605114202
-20130605114207
-20130605114652
-20130605114815
-20130606150731
-20130606151305
-20130606151409
-20130606151419
-20130606151434
-20130606151552
-20130606151601
-20130606151634
-20130606151637
-20130606151655
-20130606151704
-20130606151706
-20130606151927
-20130606151934
-20130606151957
-20130606151959
-20130606152054
-20130606153309
-20130606153726
-20130606153731
-20130606153736
-20130606153741
-20130606153945
-20130606153948
-20130606153951
-20130606154351
-20130606154353
-20130606154415
-20130606154419
-20130606155121
-20130606155123
-20130606155126
-20130606155127
-20130606155134
-20130606155140
-20130606155144
-20130606155145
-20130606155150
-20130606155152
-20130606155156
-20130606155158
-20130606160124
-20130606161356
-20130606165518
-20130606165540
-20130606165543
-20130606165604
-20130606165607
-20130606165621
-20130606165622
-20130606165650
-20130606165829
-20130606165838
-20130606165909
-20130606165911
-20130606165932
-20130606165947
-20130606165951
-20130606170005
-20130606170020
-20130606170023
-20130606170033
-20130606170106
-20130606170112
-20130606170123
-20130606170127
-20130606170130
-20130606170156
-20130606170310
-20130606170416
-20130606170419
-20130606170434
-20130606170446
-20130606170450
-20130606170501
-20130606170505
-20130606170506
-20130606170533
-20130606171140
-20130606171143
-20130606171152
-20130606171157
-20130606171159
-20130606171206
-20130606171208
-20130606171210
-20130606171224
-20130606171340
-20130606171350
-20130606171550
-20130606171552
-20130606172027
-20130606172032
-20130606172104
-20130606172109
-20130606172443
-20130606172449
-20130606172514
-20130606172642
-20130606172646
-20130606172807
-20130606172835
-20130606172839
-20130606173437
-20130606173440
-20130606173449
-20130606173451
-20130606173511
-20130607134109
-20130607134110
-20130607134126
-20130607134127
-20130607134137
-20130607135118
-20130607135121
-20130607135125
-20130607135634
-20130607135637
-20130607135657
-20130607135658
-20130607135712
-20130607140213
-20130607140215
-20130607140228
-20130607141018
-20130607141019
-20130607141028
-20130607141141
-20130607141156
-20130607141157
-20130607141200
-20130607141435
-20130607141437
-20130607141442
-20130607141534
-20130607141537
-20130607141559
-20130607141601
-20130607141716
-20130607141718
-20130607141817
-20130607141820
-20130607141828
-20130607141836
-20130607141837
-20130607141851
-20130607141939
-20130607141940
-20130607142017
-20130607142021
-20130607142022
-20130607142042
-20130607142043
-20130607142049
-20130607142100
-20130607142102
-20130607142105
-20130607142110
-20130607142112
-20130607142114
-20130607142141
-20130607142142
-20130607142145
-20130607142157
-20130607142158
-20130607142159
-20130607142200
-20130607142201
-20130607142203
-20130607142236
-20130607142238
-20130607142243
-20130607142251
-20130607142252
-20130607142255
-20130607142314
-20130607142316
-20130607142317
-20130607142527
-20130607142528
-20130607142530
-20130607142539
-20130607142540
-20130607142541
-20130607142543
-20130607142544
-20130607142545
-20130607142546
-20130607142546
-20130607142547
-20130607142800
-20130607142812
-20130607142843
-20130607144828
-20130607144835
-20130607144908
-20130607144921
-20130607144935
-20130607145007
-20130607145158
-20130607145200
-20130607145351
-20130607145357
-20130607145400
-20130607145403
-20130607145524
-20130607145552
-20130607145600
-20130607145838
-20130607145840
-20130607145847
-20130607145921
-20130607145941
-20130607150514
-20130607150535
-20130607150553
-20130607150612
-20130607150627
-20130607150640
-20130607150755
-20130607150759
-20130607150814
-20130607150833
-20130607150840
-20130607151453
-20130607151502
-20130607151513
-20130607151521
-20130607151527
-20130607151534
-20130607151656
-20130607151752
-20130607151807
-20130607151824
-20130607151917
-20130607152133
-20130607152136
-20130607152140
-20130607152156
-20130607152220
-20130607162330
-20130607162509
-20130607162707
-20130607162748
-20130607163205
-20130607164712
-20130607164713
-20130607164722
-20130607164725
-20130607164726
-20130607164727
-20130607164729
-20130607164730
-20130607164731
-20130607164734
-20130607164736
-20130607164742
-20130607164745
-20130607164747
-20130607164749
-20130607164750
-20130607164751
-20130607164752
-20130607164755
-20130607164757
-20130607164758
-20130607164759
-20130607164805
-20130607165008
-20130607165112
-20130607165403
-20130607165417
-20130607165419
-20130607165552
-20130607165555
-20130607165601
-20130607165639
-20130607165819
-20130607165854
-20130607165935
-20130607165947
-20130607170120
-20130607170154
-20130607171140
-20130607171224
-20130607171339
-20130607171523
-20130607171732
-20130607171816
-20130607171907
-20130607172817
-20130607173102
-20130607205226
-20130620154342
-20130620154620
-20130620154627
-20130620154630
-20130620154639
-20130620154644
-20130620154650
-20130620154943
-20130620155006
-20130620155024
-20130620155232
-20130620155624
-20130620155640
-20130620155643
-20130620155716
-20130620155732
-20130620160116
-20130620160124
-20130620160217
-20130620160226
-20130620160230
-20130620160510
-20130620160516
-20130620160551
-20130620160631
-20130623150716
-20130623151634
-20130623151637
-20130623151642
-20130623151644
-20130623151647
-20130623151653
-20130623151657
-20130623151700
-20130623152720
-20130623152857
-20130623152915
-20130623153049
-20130623155256
-20130623155312
-20130623155323
-20130623160352
-20130623160356
-20130623160403
-20130623160405
-20130623160424
-20130623160434
-20130623160524
-20130623160533
-20130623160704
-20130623164333
-20130623164503
-20130623164511
-20130623164515
-20130623164536
-20130623164549
-20130623164639
-20130623164643
-20130623164650
-20130623164658
-20130623164706
-20130623164712
-20130623164714
-20130623164718
-20130623170834
-20130623170842
-20130623171152
-20130623171351
-20130623171418
-20130623171420
-20130623171515
-20130623171707
-20130623171711
-20130623171738
-20130623171814
-20130623171946
-20130623171957
-20130623172046
-20130623172056
-20130623172116
-20130623172119
-20130623172122
-20130623172132
-20130623172249
-20130623172546
-20130623172602
-20130623172605
-20130623172708
-20130623172712
-20130623172744
-20130623172749
-20130623173250
-20130623173350
-20130623173411
-20130623173528
-20130623173533
-20130623173545
-20130623173903
-20130623173909
-20130623173920
-20130623174014
-20130623174023
-20130705101832
-20130705103049
-20130705103113
-20130705103130
-20130705103321
-20130705103327
